average_pcket_delay_Round_Robin Bursty = 1 Medium = 1 Hogging = 1 SupBurst = 1

Bandwidth,BurstySource,MediumConsistentSource,HoggingSource,SuperBursty
50,7.26,16.00,3.98,4.22
100,26.00,1.00,6.44,7.18
150,12.44,1.00,31.50,28.90
200,5.44,1.00,19.94,12.13
300,1.33,1.00,7.69,5.42
400,1.09,1.00,1.17,1.82
500,1.00,1.00,1.34,1.38
750,1.33,1.33,1.33,1.34
1000,1.33,1.33,1.33,1.00
1500,1.33,1.33,1.33,1.00
2000,1.33,1.33,1.33,1.00
average_pcket_delay_Round_Robin Bursty = 1 Medium = 1 Hogging = 1 SupBurst = 5

Bandwidth,BurstySource,MediumConsistentSource,HoggingSource,SuperBursty
50,7.26,16.00,3.98,12.01
100,40.67,1.00,7.04,21.83
150,99.31,1.47,38.00,88.09
200,87.24,65.00,31.27,38.05
300,26.00,1.00,36.66,26.91
400,5.44,1.00,19.99,23.95
500,1.49,1.00,11.30,16.89
750,1.33,1.00,4.00,5.95
1000,1.20,1.00,1.04,1.84
1500,1.00,1.00,1.00,1.38
2000,1.33,1.33,1.33,1.24
average_pcket_delay_Round_Robin Bursty = 1 Medium = 1 Hogging = 5 SupBurst = 1

Bandwidth,BurstySource,MediumConsistentSource,HoggingSource,SuperBursty
50,7.26,16.00,8.58,19.89
100,40.67,1.00,14.89,35.82
150,106.24,1.47,72.73,154.20
200,94.04,72.00,46.68,75.39
300,26.00,1.00,35.02,39.16
400,5.44,1.00,25.08,25.75
500,1.49,1.00,16.28,23.11
750,1.33,1.00,6.28,6.90
1000,1.09,1.00,1.03,1.82
1500,1.00,1.00,1.00,1.00
2000,1.00,1.00,1.00,1.00
average_pcket_delay_Round_Robin Bursty = 1 Medium = 1 Hogging = 5 SupBurst = 5

Bandwidth,BurstySource,MediumConsistentSource,HoggingSource,SuperBursty
50,7.26,16.00,8.58,25.81
100,40.67,1.00,14.89,48.54
150,106.24,1.47,72.76,220.40
200,172.31,72.00,49.80,99.93
300,40.31,1.00,35.74,77.58
400,78.67,64.00,31.04,52.44
500,26.00,1.00,31.99,33.79
750,8.02,1.00,12.82,22.88
1000,4.16,1.00,9.40,9.91
1500,1.13,1.00,1.15,2.28
2000,1.00,1.00,1.00,1.43
average_pcket_delay_Round_Robin Bursty = 1 Medium = 5 Hogging = 1 SupBurst = 1

Bandwidth,BurstySource,MediumConsistentSource,HoggingSource,SuperBursty
50,14.78,35.20,3.94,8.58
100,40.67,10.80,8.94,13.62
150,33.98,2.55,46.04,52.91
200,20.42,1.51,27.29,25.88
300,7.27,1.00,13.84,14.41
400,1.67,1.00,7.36,6.56
500,1.42,1.00,1.17,2.01
750,1.00,1.00,1.00,1.25
1000,1.00,1.00,1.00,1.00
1500,1.00,1.00,1.00,1.00
2000,1.00,1.00,1.00,1.00
average_pcket_delay_Round_Robin Bursty = 1 Medium = 5 Hogging = 1 SupBurst = 5

Bandwidth,BurstySource,MediumConsistentSource,HoggingSource,SuperBursty
50,14.78,35.20,3.94,14.66
100,40.67,10.80,8.94,26.95
150,115.51,2.55,50.06,110.11
200,96.84,12.72,44.76,48.49
300,31.00,1.00,44.47,34.91
400,19.09,1.32,19.38,31.19
500,19.69,1.00,14.21,20.71
750,1.33,1.00,4.00,9.57
1000,1.09,1.00,1.12,2.50
1500,1.00,1.00,1.00,1.43
2000,1.00,1.00,1.00,1.18
average_pcket_delay_Round_Robin Bursty = 1 Medium = 5 Hogging = 5 SupBurst = 1

Bandwidth,BurstySource,MediumConsistentSource,HoggingSource,SuperBursty
50,14.78,35.20,10.46,22.11
100,40.67,10.80,18.71,40.11
150,123.73,2.55,92.80,174.20
200,104.02,13.71,61.77,86.23
300,31.00,1.00,44.83,46.04
400,19.09,1.32,29.72,38.96
500,20.11,1.00,18.93,33.31
750,1.33,1.00,8.99,11.82
1000,1.00,1.00,2.76,3.06
1500,1.00,1.00,1.00,1.06
2000,1.00,1.00,1.00,1.00
average_pcket_delay_Round_Robin Bursty = 1 Medium = 5 Hogging = 5 SupBurst = 5

Bandwidth,BurstySource,MediumConsistentSource,HoggingSource,SuperBursty
50,14.78,35.20,10.46,28.04
100,40.67,10.80,18.71,52.82
150,123.73,2.55,92.84,240.40
200,176.82,23.52,65.06,109.15
300,31.00,1.00,44.83,87.29
400,85.89,14.91,34.31,63.16
500,31.00,1.00,33.61,43.33
750,9.29,1.01,17.56,24.62
1000,8.02,1.00,9.67,14.04
1500,1.00,1.00,2.70,3.08
2000,1.00,1.00,1.00,1.48
average_pcket_delay_Round_Robin Bursty = 5 Medium = 1 Hogging = 1 SupBurst = 1

Bandwidth,BurstySource,MediumConsistentSource,HoggingSource,SuperBursty
50,11.00,219.00,8.74,13.22
100,45.00,84.00,16.00,22.96
150,29.16,16.00,87.98,96.99
200,17.00,39.00,65.87,42.79
300,14.34,1.00,28.14,26.94
400,6.88,1.00,20.39,19.61
500,2.52,1.00,11.66,15.43
750,1.24,1.00,1.17,1.38
1000,1.04,1.00,1.01,1.32
1500,1.00,1.00,1.00,1.00
2000,1.00,1.00,1.00,1.00
average_pcket_delay_Round_Robin Bursty = 5 Medium = 1 Hogging = 1 SupBurst = 5

Bandwidth,BurstySource,MediumConsistentSource,HoggingSource,SuperBursty
50,11.00,219.00,8.74,19.15
100,45.00,84.00,16.00,35.68
150,38.13,16.00,95.78,154.19
200,18.00,39.00,76.00,75.73
300,23.90,1.00,34.53,52.42
400,19.58,1.00,29.89,41.24
500,14.34,1.00,26.24,28.35
750,1.47,1.00,12.33,16.52
1000,1.36,1.00,3.90,7.38
1500,1.08,1.00,1.00,1.53
2000,1.00,1.00,1.00,1.27
average_pcket_delay_Round_Robin Bursty = 5 Medium = 1 Hogging = 5 SupBurst = 1

Bandwidth,BurstySource,MediumConsistentSource,HoggingSource,SuperBursty
50,11.00,219.00,14.55,26.56
100,45.00,84.00,25.88,48.68
150,39.11,16.00,138.02,213.64
200,18.00,39.00,103.47,102.79
300,23.95,1.00,58.09,72.84
400,19.58,1.00,38.10,61.40
500,14.34,1.00,28.54,37.23
750,1.47,1.00,16.32,18.70
1000,1.36,1.00,6.81,10.74
1500,1.05,1.00,1.03,1.38
2000,1.00,1.00,1.00,1.00
average_pcket_delay_Round_Robin Bursty = 5 Medium = 1 Hogging = 5 SupBurst = 5

Bandwidth,BurstySource,MediumConsistentSource,HoggingSource,SuperBursty
50,11.00,219.00,14.55,32.48
100,45.00,84.00,25.88,61.39
150,39.11,16.00,138.05,280.29
200,18.00,39.00,106.00,135.73
300,24.07,1.00,59.91,103.76
400,25.38,1.00,39.57,89.97
500,23.58,1.00,31.70,62.70
750,10.52,1.00,25.91,27.06
1000,1.59,1.00,15.29,19.28
1500,1.40,1.00,4.61,6.65
2000,1.05,1.00,1.01,1.68
average_pcket_delay_Round_Robin Bursty = 5 Medium = 5 Hogging = 1 SupBurst = 1

Bandwidth,BurstySource,MediumConsistentSource,HoggingSource,SuperBursty
50,11.00,249.00,10.68,15.44
100,45.00,111.00,21.26,25.29
150,30.80,57.08,108.33,118.81
200,17.75,45.00,78.16,57.17
300,20.83,1.65,35.58,40.46
400,10.64,1.21,25.40,33.59
500,5.73,1.00,17.97,21.41
750,1.47,1.00,3.89,3.25
1000,1.18,1.00,1.17,1.38
1500,1.00,1.00,1.00,1.06
2000,1.00,1.00,1.00,1.00
average_pcket_delay_Round_Robin Bursty = 5 Medium = 5 Hogging = 1 SupBurst = 5

Bandwidth,BurstySource,MediumConsistentSource,HoggingSource,SuperBursty
50,11.00,249.00,10.68,21.37
100,45.00,111.00,21.29,39.56
150,39.30,57.08,118.00,174.41
200,18.00,45.00,91.00,86.48
300,29.21,1.65,45.99,61.33
400,19.46,1.21,36.19,51.93
500,14.93,1.00,28.82,36.66
750,5.52,1.00,13.63,19.38
1000,1.40,1.00,7.42,10.09
1500,1.11,1.00,1.07,1.65
2000,1.00,1.00,1.00,1.32
average_pcket_delay_Round_Robin Bursty = 5 Medium = 5 Hogging = 5 SupBurst = 1

Bandwidth,BurstySource,MediumConsistentSource,HoggingSource,SuperBursty
50,11.00,249.00,16.48,28.78
100,45.00,111.00,29.76,51.00
150,40.23,57.08,159.16,230.91
200,18.00,45.00,118.31,117.17
300,29.24,1.65,69.73,79.37
400,19.46,1.21,49.60,60.95
500,14.93,1.00,35.81,43.84
750,5.52,1.00,17.78,28.21
1000,1.40,1.00,10.13,11.07
1500,1.06,1.00,1.16,1.38
2000,1.00,1.00,1.00,1.19
average_pcket_delay_Round_Robin Bursty = 5 Medium = 5 Hogging = 5 SupBurst = 5

Bandwidth,BurstySource,MediumConsistentSource,HoggingSource,SuperBursty
50,11.00,249.00,16.48,34.70
100,45.00,111.00,29.76,65.28
150,40.23,57.08,159.19,299.74
200,18.00,45.00,121.00,146.48
300,29.24,1.65,70.53,112.44
400,26.83,1.21,52.22,93.70
500,23.91,1.00,40.82,66.88
750,12.37,1.00,26.44,34.45
1000,3.86,1.00,18.42,20.71
1500,1.43,1.00,4.95,9.68
2000,1.05,1.00,1.14,1.88
