average_pcket_delay_Short_Flow Bursty = 1 Medium = 1 Hogging = 1 SupBurst = 1

Bandwidth,BurstySource,MediumConsistentSource,HoggingSource,SuperBursty
50,2.41,1.00,5.52,3.22
100,2.33,1.00,9.14,5.36
150,1.36,1.00,17.82,50.34
200,1.04,1.00,7.57,23.00
300,1.33,1.00,1.00,11.34
400,1.11,1.00,1.00,2.00
500,1.00,1.00,1.00,1.38
750,1.00,1.00,1.00,1.00
1000,1.00,1.00,1.00,1.00
1500,1.00,1.00,1.00,1.00
2000,1.00,1.00,1.00,1.00
average_pcket_delay_Short_Flow Bursty = 1 Medium = 1 Hogging = 1 SupBurst = 5

Bandwidth,BurstySource,MediumConsistentSource,HoggingSource,SuperBursty
50,2.41,1.00,15.84,9.15
100,1.67,1.00,28.06,16.71
150,1.36,1.00,17.82,103.67
200,1.02,1.00,7.58,49.67
300,1.00,1.00,1.17,35.55
400,1.00,1.00,1.06,28.70
500,1.00,1.00,1.00,19.26
750,1.00,1.00,1.00,6.66
1000,1.00,1.00,1.00,1.88
1500,1.00,1.00,1.00,1.38
2000,1.00,1.00,1.00,1.12
average_pcket_delay_Short_Flow Bursty = 1 Medium = 1 Hogging = 5 SupBurst = 1

Bandwidth,BurstySource,MediumConsistentSource,HoggingSource,SuperBursty
50,2.41,1.00,11.32,3.22
100,1.67,1.00,19.82,5.29
150,1.36,1.00,101.70,50.34
200,1.04,1.00,68.31,38.00
300,1.04,1.00,40.11,27.46
400,1.02,1.00,26.06,22.75
500,1.02,1.00,16.13,24.20
750,1.00,1.00,3.33,23.69
1000,1.00,1.00,1.01,2.00
1500,1.00,1.00,1.00,1.00
2000,1.00,1.00,1.00,1.00
average_pcket_delay_Short_Flow Bursty = 1 Medium = 1 Hogging = 5 SupBurst = 5

Bandwidth,BurstySource,MediumConsistentSource,HoggingSource,SuperBursty
50,2.41,1.00,21.65,9.15
100,1.67,1.00,38.65,16.71
150,1.36,1.00,187.03,103.67
200,1.04,1.00,116.31,64.67
300,1.04,1.00,71.64,48.80
400,1.02,1.00,49.52,42.75
500,1.02,1.00,28.79,40.20
750,1.00,1.00,3.33,34.34
1000,1.00,1.00,1.01,19.70
1500,1.00,1.00,1.00,2.46
2000,1.00,1.00,1.00,1.43
average_pcket_delay_Short_Flow Bursty = 1 Medium = 5 Hogging = 1 SupBurst = 1

Bandwidth,BurstySource,MediumConsistentSource,HoggingSource,SuperBursty
50,9.33,24.00,7.45,5.44
100,35.24,5.25,12.76,9.57
150,15.00,1.40,67.67,40.34
200,2.00,1.20,47.26,18.00
300,1.67,1.00,7.17,22.94
400,1.33,1.00,1.33,13.53
500,1.11,1.00,1.22,2.12
750,1.00,1.00,1.00,1.25
1000,1.00,1.00,1.00,1.00
1500,1.00,1.00,1.00,1.00
2000,1.00,1.00,1.00,1.00
average_pcket_delay_Short_Flow Bursty = 1 Medium = 5 Hogging = 1 SupBurst = 5

Bandwidth,BurstySource,MediumConsistentSource,HoggingSource,SuperBursty
50,9.33,24.00,17.77,11.37
100,35.24,5.25,31.59,21.00
150,15.00,1.40,174.33,93.67
200,2.00,1.20,127.26,44.67
300,1.67,1.00,7.17,44.27
400,1.33,1.00,1.33,37.30
500,1.07,1.00,1.20,25.73
750,1.00,1.00,1.00,10.29
1000,1.00,1.00,1.00,2.54
1500,1.00,1.00,1.00,1.43
2000,1.00,1.00,1.00,1.18
average_pcket_delay_Short_Flow Bursty = 1 Medium = 5 Hogging = 5 SupBurst = 1

Bandwidth,BurstySource,MediumConsistentSource,HoggingSource,SuperBursty
50,9.33,24.00,13.26,5.44
100,35.24,5.25,23.35,9.57
150,15.00,1.40,127.67,40.34
200,2.00,1.20,92.25,18.00
300,1.69,1.00,52.90,22.94
400,1.04,1.00,33.26,29.50
500,1.04,1.00,22.92,21.60
750,1.02,1.00,6.20,27.69
1000,1.00,1.00,1.10,12.38
1500,1.00,1.00,1.00,1.06
2000,1.00,1.00,1.00,1.00
average_pcket_delay_Short_Flow Bursty = 1 Medium = 5 Hogging = 5 SupBurst = 5

Bandwidth,BurstySource,MediumConsistentSource,HoggingSource,SuperBursty
50,9.33,24.00,23.58,11.37
100,35.24,5.25,42.18,21.00
150,15.00,1.40,234.33,93.67
200,2.00,1.20,172.25,44.67
300,1.69,1.00,95.56,44.27
400,1.04,1.00,57.26,49.50
500,1.04,1.00,41.70,37.60
750,1.02,1.00,6.20,38.34
1000,1.00,1.00,1.10,24.48
1500,1.00,1.00,1.00,4.99
2000,1.00,1.00,1.00,1.48
average_pcket_delay_Short_Flow Bursty = 5 Medium = 1 Hogging = 1 SupBurst = 1

Bandwidth,BurstySource,MediumConsistentSource,HoggingSource,SuperBursty
50,12.61,1.00,11.32,9.89
100,49.53,1.00,19.82,18.14
150,28.20,1.00,107.67,80.34
200,17.53,1.00,77.26,38.00
300,7.04,1.00,46.24,27.07
400,1.67,1.00,31.19,22.12
500,1.40,1.00,6.82,24.00
750,1.20,1.00,1.17,1.50
1000,1.00,1.00,1.00,1.44
1500,1.00,1.00,1.00,1.00
2000,1.00,1.00,1.00,1.00
average_pcket_delay_Short_Flow Bursty = 5 Medium = 1 Hogging = 1 SupBurst = 5

Bandwidth,BurstySource,MediumConsistentSource,HoggingSource,SuperBursty
50,12.61,1.00,21.65,15.81
100,49.53,1.00,38.65,29.57
150,28.20,1.00,214.33,133.67
200,17.53,1.00,157.26,64.67
300,7.04,1.00,98.99,48.40
400,1.67,1.00,70.74,42.12
500,1.40,1.00,6.82,40.00
750,1.20,1.00,1.17,19.19
1000,1.04,1.00,1.04,8.21
1500,1.00,1.00,1.00,1.57
2000,1.00,1.00,1.00,1.27
average_pcket_delay_Short_Flow Bursty = 5 Medium = 1 Hogging = 5 SupBurst = 1

Bandwidth,BurstySource,MediumConsistentSource,HoggingSource,SuperBursty
50,12.61,1.00,17.13,9.89
100,50.07,1.00,30.37,18.21
150,28.56,1.00,167.43,80.66
200,17.80,1.00,122.07,38.17
300,7.04,1.00,76.72,27.07
400,1.93,1.00,53.86,22.38
500,1.42,1.00,37.24,24.64
750,1.28,1.00,13.39,35.69
1000,1.21,1.00,5.41,19.05
1500,1.00,1.00,1.03,1.50
2000,1.00,1.00,1.00,1.00
average_pcket_delay_Short_Flow Bursty = 5 Medium = 1 Hogging = 5 SupBurst = 5

Bandwidth,BurstySource,MediumConsistentSource,HoggingSource,SuperBursty
50,12.61,1.00,27.45,15.81
100,50.07,1.00,49.15,29.64
150,28.56,1.00,273.86,134.00
200,17.80,1.00,201.90,64.83
300,7.04,1.00,129.93,48.40
400,1.93,1.00,93.59,42.38
500,1.42,1.00,62.13,40.93
750,1.28,1.00,13.39,46.34
1000,1.21,1.00,8.57,27.05
1500,1.04,1.00,1.07,10.84
2000,1.02,1.00,1.01,1.70
average_pcket_delay_Short_Flow Bursty = 5 Medium = 5 Hogging = 1 SupBurst = 1

Bandwidth,BurstySource,MediumConsistentSource,HoggingSource,SuperBursty
50,19.33,24.00,13.26,12.11
100,80.25,5.25,23.35,22.43
150,48.20,1.40,127.67,100.34
200,31.60,1.20,92.26,48.00
300,15.00,1.00,56.83,34.94
400,6.67,1.00,39.12,29.50
500,1.67,1.00,28.50,21.00
750,1.40,1.00,1.33,6.31
1000,1.13,1.00,1.17,1.50
1500,1.00,1.00,1.00,1.06
2000,1.00,1.00,1.00,1.00
average_pcket_delay_Short_Flow Bursty = 5 Medium = 5 Hogging = 1 SupBurst = 5

Bandwidth,BurstySource,MediumConsistentSource,HoggingSource,SuperBursty
50,19.33,24.00,23.58,18.04
100,80.25,5.25,42.18,33.86
150,48.20,1.40,234.33,153.67
200,31.60,1.20,172.26,74.67
300,15.00,1.00,110.17,56.27
400,6.67,1.00,79.12,49.50
500,1.67,1.00,60.50,37.00
750,1.40,1.00,1.33,24.46
1000,1.21,1.00,1.20,11.60
1500,1.04,1.00,1.06,1.69
2000,1.00,1.00,1.00,1.32
average_pcket_delay_Short_Flow Bursty = 5 Medium = 5 Hogging = 5 SupBurst = 1

Bandwidth,BurstySource,MediumConsistentSource,HoggingSource,SuperBursty
50,19.33,24.00,19.06,12.11
100,80.25,5.25,33.94,22.43
150,48.20,1.40,187.67,100.34
200,31.60,1.20,137.25,48.00
300,15.00,1.00,86.83,34.94
400,6.67,1.00,61.62,29.50
500,1.80,1.00,46.42,21.10
750,1.36,1.00,17.82,39.69
1000,1.31,1.00,7.43,26.50
1500,1.07,1.00,1.13,1.50
2000,1.00,1.00,1.00,1.19
average_pcket_delay_Short_Flow Bursty = 5 Medium = 5 Hogging = 5 SupBurst = 5

Bandwidth,BurstySource,MediumConsistentSource,HoggingSource,SuperBursty
50,19.33,24.00,29.39,18.04
100,80.25,5.25,52.76,33.86
150,48.20,1.40,294.33,153.67
200,31.60,1.20,217.25,74.67
300,15.00,1.00,140.17,56.27
400,6.67,1.00,101.62,49.50
500,1.80,1.00,78.34,37.10
750,1.36,1.00,17.82,50.34
1000,1.31,1.00,7.43,34.50
1500,1.07,1.00,1.13,14.18
2000,1.02,1.00,1.04,2.00
