average_pcket_delay_FIFO Bursty = 1 Medium = 1 Hogging = 1 SupBurst = 1

Bandwidth,BurstySource,MediumConsistentSource,HoggingSource,SuperBursty
50,21.23,161.00,3.64,1.00
100,88.78,73.73,5.82,1.00
150,54.71,44.67,26.94,1.88
200,37.62,30.13,13.77,1.00
300,18.53,5.40,2.81,1.32
400,3.00,1.60,1.68,1.00
500,1.33,1.33,1.11,1.00
750,1.00,1.00,1.00,1.00
1000,1.00,1.00,1.00,1.00
1500,1.00,1.00,1.00,1.00
2000,1.00,1.00,1.00,1.00
average_pcket_delay_FIFO Bursty = 1 Medium = 1 Hogging = 1 SupBurst = 5

Bandwidth,BurstySource,MediumConsistentSource,HoggingSource,SuperBursty
50,56.79,481.00,13.97,6.93
100,248.78,233.73,24.65,12.43
150,161.36,151.33,134.99,53.67
200,117.62,110.13,97.77,24.67
300,73.91,68.93,60.50,16.27
400,52.07,48.33,41.91,12.00
500,38.96,35.93,30.73,7.00
750,21.47,14.87,7.16,2.46
1000,2.00,2.00,2.00,1.50
1500,1.67,1.67,1.67,1.25
2000,1.33,1.33,1.33,1.00
average_pcket_delay_FIFO Bursty = 1 Medium = 1 Hogging = 5 SupBurst = 1

Bandwidth,BurstySource,MediumConsistentSource,HoggingSource,SuperBursty
50,61.23,521.00,9.40,1.00
100,268.78,253.73,16.32,1.00
150,174.71,164.67,87.52,1.88
200,127.62,120.13,61.55,1.00
300,80.58,75.60,35.56,1.00
400,57.07,53.33,22.58,1.00
500,42.96,39.93,14.77,1.00
750,24.13,22.13,4.35,1.00
1000,3.62,3.47,1.68,1.00
1500,1.00,1.00,1.00,1.00
2000,1.00,1.00,1.00,1.00
average_pcket_delay_FIFO Bursty = 1 Medium = 1 Hogging = 5 SupBurst = 5

Bandwidth,BurstySource,MediumConsistentSource,HoggingSource,SuperBursty
50,96.79,841.00,19.72,6.93
100,428.78,413.73,35.14,12.43
150,281.36,271.33,194.46,53.67
200,207.62,200.13,142.35,24.67
300,133.91,128.93,90.23,16.27
400,97.07,93.33,64.18,12.00
500,74.96,71.93,48.55,7.00
750,45.47,43.47,26.33,1.88
1000,30.76,29.13,13.28,1.50
1500,4.56,3.87,1.90,1.35
2000,1.33,1.33,1.33,1.00
average_pcket_delay_FIFO Bursty = 1 Medium = 5 Hogging = 1 SupBurst = 1

Bandwidth,BurstySource,MediumConsistentSource,HoggingSource,SuperBursty
50,27.90,191.00,3.71,1.00
100,118.78,88.75,5.94,1.00
150,74.71,54.67,27.61,1.88
200,52.62,37.63,14.27,1.00
300,30.58,17.32,3.14,1.32
400,17.51,3.16,2.23,1.40
500,3.67,1.44,1.41,1.00
750,1.33,1.07,1.17,1.00
1000,1.00,1.00,1.00,1.00
1500,1.00,1.00,1.00,1.00
2000,1.00,1.00,1.00,1.00
average_pcket_delay_FIFO Bursty = 1 Medium = 5 Hogging = 1 SupBurst = 5

Bandwidth,BurstySource,MediumConsistentSource,HoggingSource,SuperBursty
50,63.45,511.00,14.03,6.93
100,278.78,248.75,24.76,12.43
150,181.36,161.33,135.66,53.67
200,132.62,117.63,98.27,24.67
300,83.91,73.92,60.83,16.27
400,59.56,52.07,42.14,12.00
500,44.96,38.95,30.93,7.00
750,25.47,20.55,7.29,2.46
1000,4.47,2.55,2.60,1.70
1500,1.67,1.67,1.67,1.25
2000,1.33,1.33,1.33,1.00
average_pcket_delay_FIFO Bursty = 1 Medium = 5 Hogging = 5 SupBurst = 1

Bandwidth,BurstySource,MediumConsistentSource,HoggingSource,SuperBursty
50,67.90,551.00,9.41,1.00
100,298.78,268.75,16.34,1.00
150,194.71,174.67,87.66,1.88
200,142.62,127.63,61.65,1.00
300,90.58,80.59,35.62,1.00
400,64.56,57.07,22.63,1.00
500,48.96,42.95,14.81,1.00
750,28.13,24.13,4.38,1.00
1000,12.11,3.28,1.88,1.30
1500,1.11,1.00,1.00,1.00
2000,1.00,1.00,1.00,1.00
average_pcket_delay_FIFO Bursty = 1 Medium = 5 Hogging = 5 SupBurst = 5

Bandwidth,BurstySource,MediumConsistentSource,HoggingSource,SuperBursty
50,103.45,871.00,19.74,6.93
100,458.78,428.75,35.16,12.43
150,301.36,281.33,194.60,53.67
200,222.62,207.63,142.45,24.67
300,143.91,133.92,90.30,16.27
400,104.56,97.07,64.23,12.00
500,80.96,74.95,48.59,7.00
750,49.47,45.47,26.36,1.88
1000,33.76,30.71,13.30,1.50
1500,10.91,5.93,2.40,1.45
2000,1.33,1.33,1.33,1.00
average_pcket_delay_FIFO Bursty = 5 Medium = 1 Hogging = 1 SupBurst = 1

Bandwidth,BurstySource,MediumConsistentSource,HoggingSource,SuperBursty
50,31.22,161.00,3.84,1.00
100,133.76,73.73,6.18,1.00
150,84.68,44.67,28.94,1.88
200,60.12,30.13,15.27,1.00
300,35.17,5.40,3.81,1.32
400,20.38,1.60,2.73,1.40
500,11.27,1.60,2.18,1.40
750,1.70,1.00,1.33,1.00
1000,1.20,1.00,1.17,1.00
1500,1.00,1.00,1.00,1.00
2000,1.00,1.00,1.00,1.00
average_pcket_delay_FIFO Bursty = 5 Medium = 1 Hogging = 1 SupBurst = 5

Bandwidth,BurstySource,MediumConsistentSource,HoggingSource,SuperBursty
50,66.78,481.00,14.16,6.93
100,293.76,233.73,25.00,12.43
150,191.34,151.33,136.99,53.67
200,140.12,110.13,99.27,24.67
300,88.92,68.93,61.50,16.27
400,63.31,48.33,42.64,12.00
500,47.95,35.93,31.33,7.00
750,27.47,14.87,7.56,2.46
1000,11.22,2.87,3.33,1.90
1500,1.76,1.67,1.67,1.25
2000,1.33,1.33,1.33,1.00
average_pcket_delay_FIFO Bursty = 5 Medium = 1 Hogging = 5 SupBurst = 1

Bandwidth,BurstySource,MediumConsistentSource,HoggingSource,SuperBursty
50,71.22,521.00,9.44,1.00
100,313.76,253.73,16.39,1.00
150,204.68,164.67,87.92,1.88
200,150.12,120.13,61.85,1.00
300,95.58,75.60,35.76,1.00
400,68.31,53.33,22.73,1.00
500,51.95,39.93,14.89,1.00
750,30.13,22.13,4.43,1.00
1000,14.02,1.87,2.12,1.40
1500,1.92,1.33,1.27,1.00
2000,1.00,1.00,1.00,1.00
average_pcket_delay_FIFO Bursty = 5 Medium = 1 Hogging = 5 SupBurst = 5

Bandwidth,BurstySource,MediumConsistentSource,HoggingSource,SuperBursty
50,106.78,841.00,19.76,6.93
100,473.76,413.73,35.21,12.43
150,311.34,271.33,194.86,53.67
200,230.12,200.13,142.65,24.67
300,148.92,128.93,90.43,16.27
400,108.31,93.33,64.33,12.00
500,83.95,71.93,48.67,7.00
750,51.47,43.47,26.41,1.88
1000,35.23,29.13,13.34,1.50
1500,13.85,3.53,2.76,1.65
2000,2.40,1.60,1.68,1.00
average_pcket_delay_FIFO Bursty = 5 Medium = 5 Hogging = 1 SupBurst = 1

Bandwidth,BurstySource,MediumConsistentSource,HoggingSource,SuperBursty
50,37.89,191.00,3.90,1.00
100,163.76,88.75,6.29,1.00
150,104.68,54.67,29.61,1.88
200,75.12,37.63,15.77,1.00
300,45.58,17.32,4.14,1.32
400,30.40,3.16,3.00,1.40
500,18.88,1.65,2.38,1.40
750,3.00,1.39,1.47,1.30
1000,1.50,1.00,1.33,1.00
1500,1.02,1.00,1.00,1.00
2000,1.00,1.00,1.00,1.00
average_pcket_delay_FIFO Bursty = 5 Medium = 5 Hogging = 1 SupBurst = 5

Bandwidth,BurstySource,MediumConsistentSource,HoggingSource,SuperBursty
50,73.45,511.00,14.22,6.93
100,323.76,248.75,25.12,12.43
150,211.34,161.33,137.66,53.67
200,155.12,117.63,99.77,24.67
300,98.92,73.92,61.83,16.27
400,70.81,52.07,42.91,12.00
500,53.95,38.95,31.53,7.00
750,31.47,20.55,7.69,2.46
1000,16.84,3.21,3.43,1.90
1500,1.80,1.67,1.67,1.25
2000,1.33,1.33,1.33,1.00
average_pcket_delay_FIFO Bursty = 5 Medium = 5 Hogging = 5 SupBurst = 1

Bandwidth,BurstySource,MediumConsistentSource,HoggingSource,SuperBursty
50,77.89,551.00,9.45,1.00
100,343.76,268.75,16.41,1.00
150,224.68,174.67,88.06,1.88
200,165.12,127.63,61.95,1.00
300,105.58,80.59,35.82,1.00
400,75.81,57.07,22.78,1.00
500,57.95,42.95,14.93,1.00
750,34.13,24.13,4.46,1.00
1000,19.92,3.27,2.22,1.40
1500,2.56,1.33,1.27,1.00
2000,1.29,1.00,1.17,1.00
average_pcket_delay_FIFO Bursty = 5 Medium = 5 Hogging = 5 SupBurst = 5

Bandwidth,BurstySource,MediumConsistentSource,HoggingSource,SuperBursty
50,113.45,871.00,19.77,6.93
100,503.76,428.75,35.24,12.43
150,331.34,281.33,195.00,53.67
200,245.12,207.63,142.75,24.67
300,158.92,133.92,90.50,16.27
400,115.81,97.07,64.38,12.00
500,89.95,74.95,48.71,7.00
750,55.47,45.47,26.44,1.88
1000,38.23,30.71,13.36,1.50
1500,18.53,5.33,2.82,1.65
2000,3.00,1.60,1.68,1.00
