average_pcket_delay_FIFO Bursty = 5 Medium = 1 Hogging = 1 SupBurst = 1

Bandwidth,BurstySource,MediumConsistentSource,HoggingSource,SuperBursty
50,31.2237037037,161.0,3.8376344086,1.0
100,133.755555556,73.7333333333,6.17647058824,1.0
150,84.6755555556,44.6666666667,28.9444444444,1.875
200,60.1244444444,30.1333333333,15.2666666667,1.0
250,45.4,21.4,6.57777777778,1.29090909091
300,35.1733333333,5.4,3.81111111111,1.32
350,26.8088888889,3.13333333333,2.96666666667,1.35555555556
400,20.3822222222,1.6,2.73333333333,1.4
450,15.3155555556,1.6,2.42222222222,1.4
500,11.2711111111,1.6,2.17777777778,1.4