average_pcket_delay_Long_Flow Bursty = 5 Medium = 5 Hogging = 5 SupBurst = 5

Bandwidth,BurstySource,MediumConsistentSource,HoggingSource,SuperBursty
50,82.0888888889,981.8,14.6218637993,18.6907407407
100,362.666666667,484.2,25.8977777778,35.0360714286
150,237.222222222,318.266666667,142.566666667,158.6675
200,174.568888889,235.4,103.668888889,76.965
250,136.866666667,185.6,80.2266666667,65.2418181818
300,111.866666667,152.4,64.7555555556,57.838
350,93.9777777778,128.666666667,53.6755555556,53.2577777778
400,80.5333333333,110.946666667,45.3711111111,50.6225
450,70.0755555556,97.0666666667,38.8888888889,43.44
500,61.6666666667,86.2,33.6711111111,37.7075