average_pcket_delay_FIFO Bursty = 1 Medium = 1 Hogging = 1 SupBurst = 5

Bandwidth,BurstySource,MediumConsistentSource,HoggingSource,SuperBursty
50,56.7851851852,481.0,13.9666666667,6.92592592593
100,248.777777778,233.733333333,24.6470588235,12.4285714286
150,161.355555556,151.333333333,134.988888889,53.6675
200,117.622222222,110.133333333,97.7666666667,24.6666666667
250,91.4,85.4,75.4,19.6363636364
300,73.9111111111,68.9333333333,60.5,16.268
350,61.4222222222,57.1333333333,49.8666666667,13.8422222222
400,52.0666666667,48.3333333333,41.9111111111,12.0
450,44.7777777778,41.4666666667,35.6777777778,9.225
500,38.9555555556,35.9333333333,30.7333333333,7.0