average_pcket_delay_FIFO Bursty = 1 Medium = 5 Hogging = 5 SupBurst = 1

Bandwidth,BurstySource,MediumConsistentSource,HoggingSource,SuperBursty
50,67.8962962963,551.0,9.41268817204,1.0
100,298.777777778,268.746666667,16.3411764706,1.0
150,194.711111111,174.666666667,87.6555555556,1.875
200,142.622222222,127.626666667,61.6533333333,1.0
250,111.4,99.4,46.0266666667,1.0
300,90.5777777778,80.5866666667,35.6222222222,1.0
350,75.7333333333,67.1333333333,28.1977777778,1.0
400,64.5555555556,57.0666666667,22.6288888889,1.0
450,55.8888888889,49.2133333333,18.2844444444,1.0
500,48.9555555556,42.9466666667,14.8088888889,1.0