average_pcket_delay_FIFO Bursty = 1 Medium = 5 Hogging = 5 SupBurst = 5

Bandwidth,BurstySource,MediumConsistentSource,HoggingSource,SuperBursty
50,103.451851852,871.0,19.7352688172,6.92592592593
100,458.777777778,428.746666667,35.1647058824,12.4285714286
150,301.355555556,281.333333333,194.597777778,53.6675
200,222.622222222,207.626666667,142.453333333,24.6666666667
250,175.4,163.4,111.16,19.6363636364
300,143.911111111,133.92,90.3,16.268
350,121.422222222,112.866666667,75.4,13.8422222222
400,104.555555556,97.0666666667,64.2288888889,12.0
450,91.4444444444,84.7866666667,55.5377777778,9.225
500,80.9555555556,74.9466666667,48.5866666667,7.0