average_pcket_delay_FIFO Bursty = 5 Medium = 5 Hogging = 5 SupBurst = 5

Bandwidth,BurstySource,MediumConsistentSource,HoggingSource,SuperBursty
50,113.445925926,871.0,19.7739784946,6.92592592593
100,503.755555556,428.746666667,35.2352941176,12.4285714286
150,331.337777778,281.333333333,194.997777778,53.6675
200,245.124444444,207.626666667,142.753333333,24.6666666667
250,193.4,163.4,111.4,19.6363636364
300,158.915555556,133.92,90.5,16.268
350,134.284444444,112.866666667,75.5733333333,13.8422222222
400,115.813333333,97.0666666667,64.3822222222,12.0
450,101.444444444,84.7866666667,55.6711111111,9.225
500,89.9511111111,74.9466666667,48.7066666667,7.0