average_pcket_delay_Short_Flow Bursty = 5 Medium = 5 Hogging = 5 SupBurst = 5

Bandwidth,BurstySource,MediumConsistentSource,HoggingSource,SuperBursty
50,19.3333333333,24.0,29.3870967742,18.037037037
100,80.2488888889,5.25333333333,52.7647058824,33.8571428571
150,48.2,1.4,294.333333333,153.6675
200,31.6,1.2,217.251111111,74.6666666667
250,21.6666666667,1.0,171.0,63.2727272727
300,15.0,1.0,140.166666667,56.268
350,10.4266666667,1.0,117.922222222,52.0644444444
400,7.0,1.0,101.237777778,49.75
450,4.33333333333,1.0,88.2622222222,42.8875
500,2.06666666667,1.0,78.0333333333,37.3