average_pcket_delay_Short_Flow Bursty = 5 Medium = 1 Hogging = 1 SupBurst = 5

Bandwidth,BurstySource,MediumConsistentSource,HoggingSource,SuperBursty
50,12.6148148148,1.0,21.6451612903,15.8148148148
100,50.0666666667,1.0,38.2287581699,29.6428571429
150,28.5555555556,1.0,211.966666667,134.0
200,17.8,1.0,155.477777778,64.8333333333
250,11.3466666667,1.0,121.577777778,54.6909090909
300,7.04444444444,1.0,98.9888888889,48.4
350,3.97333333333,1.0,82.8444444444,44.4444444444
400,1.8,1.0,69.8555555556,42.25
450,1.47555555556,1.0,13.3777777778,45.8875
500,1.40888888889,1.0,6.81111111111,40.0