average_pcket_delay_FIFO Bursty = 5 Medium = 5 Hogging = 5 SupBurst = 1

Bandwidth,BurstySource,MediumConsistentSource,HoggingSource,SuperBursty
50,77.8903703704,551.0,9.45139784946,1.0
100,343.755555556,268.746666667,16.4117647059,1.0
150,224.675555556,174.666666667,88.0555555556,1.875
200,165.124444444,127.626666667,61.9533333333,1.0
250,129.4,99.4,46.2666666667,1.0
300,105.582222222,80.5866666667,35.8222222222,1.0
350,88.5733333333,67.1333333333,28.3644444444,1.0
400,75.8133333333,57.0666666667,22.7822222222,1.0
450,65.8888888889,49.2133333333,18.4177777778,1.0
500,57.9511111111,42.9466666667,14.9288888889,1.0