average_pcket_delay_Short_Flow Bursty = 1 Medium = 5 Hogging = 1 SupBurst = 1

Bandwidth,BurstySource,MediumConsistentSource,HoggingSource,SuperBursty
50,9.33333333333,24.0,7.45161290323,5.44444444444
100,35.2444444444,5.25333333333,12.7647058824,9.57142857143
150,15.0,1.4,67.6666666667,40.3375
200,2.0,1.2,47.2555555556,18.0
250,2.0,1.0,15.1666666667,26.9090909091
300,1.68888888889,1.0,7.15555555556,22.94
350,1.66666666667,1.0,1.33333333333,20.2
400,1.66666666667,1.0,1.16666666667,13.525
450,1.33333333333,1.0,1.16666666667,6.4125
500,1.44444444444,1.0,1.05555555556,2.125