average_pcket_delay_Long_Flow Bursty = 5 Medium = 1 Hogging = 5 SupBurst = 5

Bandwidth,BurstySource,MediumConsistentSource,HoggingSource,SuperBursty
50,80.962962963,949.0,14.3349103943,18.6252777778
100,357.533333333,468.0,25.3764705882,34.9125
150,233.888888889,307.333333333,139.626666667,158.025
200,172.035555556,227.0,101.5,76.6416666667
250,134.933333333,179.0,78.6533333333,64.7836363636
300,110.177777778,147.0,63.2911111111,57.586
350,92.5244444444,124.0,52.42,53.0177777778
400,79.2533333333,107.0,44.2622222222,50.405
450,68.96,93.4666666667,37.9066666667,43.225
500,60.7066666667,82.8,32.9022222222,37.395