average_pcket_delay_Short_Flow Bursty = 5 Medium = 5 Hogging = 5 SupBurst = 1

Bandwidth,BurstySource,MediumConsistentSource,HoggingSource,SuperBursty
50,19.3333333333,24.0,19.064516129,12.1111111111
100,80.2488888889,5.25333333333,33.9411764706,22.4285714286
150,48.2,1.4,187.666666667,100.3375
200,31.6,1.2,137.251111111,48.0
250,21.6666666667,1.0,107.0,40.0
300,15.0,1.0,86.8333333333,34.94
350,10.4266666667,1.0,72.3088888889,31.7555555556
400,7.0,1.0,61.4155555556,29.75
450,4.33333333333,1.0,52.9422222222,25.1125
500,2.06666666667,1.0,46.2466666667,21.3