average_pcket_delay_Long_Flow Bursty = 1 Medium = 5 Hogging = 5 SupBurst = 5

Bandwidth,BurstySource,MediumConsistentSource,HoggingSource,SuperBursty
50,72.2962962963,837.6,13.0529749104,16.9575
100,318.666666667,412.2,23.0303267974,31.6996428571
150,207.888888889,270.2,126.36,143.0375
200,152.511111111,199.4,91.5377777778,69.1383333333
250,119.333333333,156.72,70.6533333333,58.2763636364
300,97.2222222222,128.4,56.6533333333,51.58
350,81.4,108.08,46.7311111111,47.3111111111
400,69.4222222222,93.0,39.2644444444,44.7975
450,60.2888888889,81.0666666667,33.4844444444,38.23
500,52.9333333333,71.64,28.8955555556,32.9175