average_pcket_delay_Short_Flow Bursty = 1 Medium = 5 Hogging = 1 SupBurst = 5

Bandwidth,BurstySource,MediumConsistentSource,HoggingSource,SuperBursty
50,9.33333333333,24.0,17.7741935484,11.3703703704
100,35.2444444444,5.25333333333,31.5882352941,21.0
150,15.0,1.4,174.333333333,93.6675
200,2.0,1.2,127.255555556,44.6666666667
250,2.0,1.0,15.1666666667,50.1818181818
300,1.68888888889,1.0,7.15555555556,44.268
350,1.66666666667,1.0,1.33333333333,40.5088888889
400,1.66666666667,1.0,1.16666666667,37.305
450,1.33333333333,1.0,1.16666666667,30.8825
500,1.4,1.0,1.03333333333,25.735