average_pcket_delay_Round_Robin Bursty = 5 Medium = 1 Hogging = 5 SupBurst = 1

Bandwidth,BurstySource,MediumConsistentSource,HoggingSource,SuperBursty
50,11.0,219.0,14.5483870968,26.5555555556
100,45.0,84.0,25.8823529412,48.6785714286
150,27.0,39.0,144.5,206.9
200,18.0,39.0,103.473333333,102.791666667
250,9.0,39.0,78.8333333333,96.5909090909
300,9.0,1.0,68.9533333333,57.6
350,9.0,1.0,53.6155555556,62.2555555556
400,9.0,1.0,43.3088888889,61.85
450,9.0,1.0,34.8422222222,58.0125
500,9.0,1.0,28.0177777778,55.2125