average_pcket_delay_FIFO Bursty = 1 Medium = 5 Hogging = 1 SupBurst = 1

Bandwidth,BurstySource,MediumConsistentSource,HoggingSource,SuperBursty
50,27.8962962963,191.0,3.70860215054,1.0
100,118.777777778,88.7466666667,5.94117647059,1.0
150,74.7111111111,54.6666666667,27.6111111111,1.875
200,52.6222222222,37.6266666667,14.2666666667,1.0
250,39.4,27.4,5.77777777778,1.29090909091
300,30.5777777778,17.32,3.14444444444,1.32
350,24.2666666667,8.77333333333,2.4,1.35555555556
400,17.5111111111,3.16,2.23333333333,1.4
450,7.28888888889,2.02666666667,1.88888888889,1.3
500,3.66666666667,1.44,1.41111111111,1.0