average_pcket_delay_Round_Robin Bursty = 1 Medium = 1 Hogging = 5 SupBurst = 1

Bandwidth,BurstySource,MediumConsistentSource,HoggingSource,SuperBursty
50,1.0,39.0,8.74193548387,19.8888888889
100,9.0,1.0,15.2666666667,35.8214285714
150,9.0,1.0,81.6422222222,158.85
200,9.0,1.0,58.24,72.7916666667
250,9.0,1.0,41.3622222222,69.3363636364
300,9.0,1.0,33.6,53.19
350,9.0,1.0,29.1444444444,35.3333333333
400,1.66666666667,1.0,25.46,25.75
450,1.33333333333,1.0,20.3577777778,24.425
500,1.33333333333,1.0,16.3577777778,22.7375