average_pcket_delay_FIFO Bursty = 5 Medium = 1 Hogging = 1 SupBurst = 5

Bandwidth,BurstySource,MediumConsistentSource,HoggingSource,SuperBursty
50,66.7792592593,481.0,14.1602150538,6.92592592593
100,293.755555556,233.733333333,25.0,12.4285714286
150,191.337777778,151.333333333,136.988888889,53.6675
200,140.124444444,110.133333333,99.2666666667,24.6666666667
250,109.4,85.4,76.6,19.6363636364
300,88.9155555556,68.9333333333,61.5,16.268
350,74.2844444444,57.1333333333,50.7333333333,13.8422222222
400,63.3111111111,48.3333333333,42.6444444444,12.0
450,54.7777777778,41.4666666667,36.3444444444,9.225
500,47.9511111111,35.9333333333,31.3333333333,7.0