average_pcket_delay_Short_Flow Bursty = 1 Medium = 1 Hogging = 5 SupBurst = 1

Bandwidth,BurstySource,MediumConsistentSource,HoggingSource,SuperBursty
50,2.40740740741,1.0,11.3225806452,3.22222222222
100,2.33333333333,1.0,19.8052287582,5.35714285714
150,1.37777777778,1.0,96.3622222222,80.3375
200,1.06666666667,1.0,72.2222222222,23.3333333333
250,1.04444444444,1.0,54.52,18.7636363636
300,1.04444444444,1.0,40.1133333333,27.46
350,1.04444444444,1.0,29.82,35.9333333333
400,1.04444444444,1.0,26.1,22.5
450,1.33333333333,1.0,19.7311111111,27.95
500,1.04444444444,1.0,16.1266666667,24.2