average_pcket_delay_Short_Flow Bursty = 5 Medium = 5 Hogging = 1 SupBurst = 5

Bandwidth,BurstySource,MediumConsistentSource,HoggingSource,SuperBursty
50,19.3333333333,24.0,23.5806451613,18.037037037
100,80.2488888889,5.25333333333,42.1764705882,33.8571428571
150,48.2,1.4,234.333333333,153.6675
200,31.6,1.2,172.255555556,74.6666666667
250,21.6666666667,1.0,135.0,63.2727272727
300,15.0,1.0,110.166666667,56.268
350,10.4266666667,1.0,91.3222222222,52.0644444444
400,6.83555555556,1.0,78.1555555556,49.625
450,4.04,1.0,67.9222222222,42.665
500,1.8,1.0,59.7222222222,37.1