average_pcket_delay_FIFO Bursty = 1 Medium = 1 Hogging = 5 SupBurst = 5

Bandwidth,BurstySource,MediumConsistentSource,HoggingSource,SuperBursty
50,96.7851851852,841.0,19.7223655914,6.92592592593
100,428.777777778,413.733333333,35.1411764706,12.4285714286
150,281.355555556,271.333333333,194.464444444,53.6675
200,207.622222222,200.133333333,142.353333333,24.6666666667
250,163.4,157.4,111.08,19.6363636364
300,133.911111111,128.933333333,90.2333333333,16.268
350,112.866666667,108.6,75.3466666667,13.8422222222
400,97.0666666667,93.3333333333,64.1822222222,12.0
450,84.7777777778,81.4666666667,55.4911111111,9.225
500,74.9555555556,71.9333333333,48.5466666667,7.0