average_pcket_delay_Long_Flow Bursty = 5 Medium = 1 Hogging = 1 SupBurst = 1

Bandwidth,BurstySource,MediumConsistentSource,HoggingSource,SuperBursty
50,25.2962962963,333.0,3.98387096774,5.17361111111
100,107.066666667,160.0,6.50326797386,8.96428571429
150,66.4222222222,102.0,33.1777777778,37.7
200,45.6577777778,73.0,22.7444444444,17.15
250,33.0666666667,55.8,16.7,13.5454545455
300,24.7155555556,44.3333333333,12.5,11.18
350,18.7555555556,36.0,9.6,9.37777777778
400,14.2577777778,30.0,7.35555555556,8.0875
450,10.7955555556,25.0,5.61111111111,6.1375
500,8.06666666667,19.6,4.31111111111,4.6