average_pcket_delay_FIFO Bursty = 1 Medium = 1 Hogging = 5 SupBurst = 1

Bandwidth,BurstySource,MediumConsistentSource,HoggingSource,SuperBursty
50,61.2296296296,521.0,9.39978494624,1.0
100,268.777777778,253.733333333,16.3176470588,1.0
150,174.711111111,164.666666667,87.5222222222,1.875
200,127.622222222,120.133333333,61.5533333333,1.0
250,99.4,93.4,45.9466666667,1.0
300,80.5777777778,75.6,35.5555555556,1.0
350,67.1333333333,62.8666666667,28.1377777778,1.0
400,57.0666666667,53.3333333333,22.5822222222,1.0
450,49.2222222222,45.8666666667,18.2377777778,1.0
500,42.9555555556,39.9333333333,14.7688888889,1.0