average_pcket_delay_Long_Flow Bursty = 1 Medium = 1 Hogging = 5 SupBurst = 1

Bandwidth,BurstySource,MediumConsistentSource,HoggingSource,SuperBursty
50,45.1851851852,515.0,8.35405017921,10.8037037037
100,196.666666667,251.0,14.431372549,19.75
150,126.555555556,162.666666667,77.2733333333,86.9875
200,91.4888888889,119.0,54.5822222222,40.825
250,70.5333333333,92.2,40.9733333333,33.3181818182
300,56.5555555556,74.6666666667,31.8688888889,28.53
350,46.4222222222,62.0,25.3733333333,25.3111111111
400,38.4,53.0,20.5533333333,22.9375
450,32.2,45.2666666667,16.8088888889,18.725
500,26.4,39.4,13.8688888889,15.4375