average_pcket_delay_FIFO Bursty = 5 Medium = 1 Hogging = 5 SupBurst = 1

Bandwidth,BurstySource,MediumConsistentSource,HoggingSource,SuperBursty
50,71.2237037037,521.0,9.43849462366,1.0
100,313.755555556,253.733333333,16.3882352941,1.0
150,204.675555556,164.666666667,87.9222222222,1.875
200,150.124444444,120.133333333,61.8533333333,1.0
250,117.4,93.4,46.1866666667,1.0
300,95.5822222222,75.6,35.7555555556,1.0
350,80.0,62.8666666667,28.3111111111,1.0
400,68.3111111111,53.3333333333,22.7288888889,1.0
450,59.2222222222,45.8666666667,18.3711111111,1.0
500,51.9511111111,39.9333333333,14.8888888889,1.0