average_pcket_delay_Round_Robin Bursty = 1 Medium = 5 Hogging = 1 SupBurst = 5

Bandwidth,BurstySource,MediumConsistentSource,HoggingSource,SuperBursty
50,1.0,69.0,4.87096774194,14.7037037037
100,9.0,21.0,10.7058823529,26.7053571429
150,9.0,6.0,61.0,118.98
200,9.0,1.4,44.8333333333,56.48
250,9.0,1.2,44.5555555556,44.7727272727
300,9.0,1.0,44.4666666667,36.894
350,9.0,1.0,25.3777777778,34.9666666667
400,1.66666666667,1.0,21.0,32.8425
450,1.66666666667,1.0,14.2111111111,27.91
500,1.66666666667,1.0,14.2111111111,22.74