average_pcket_delay_Long_Flow Bursty = 1 Medium = 1 Hogging = 5 SupBurst = 5

Bandwidth,BurstySource,MediumConsistentSource,HoggingSource,SuperBursty
50,71.0740740741,804.0,12.9870250896,16.6412962963
100,313.0,395.0,22.9262745098,31.0757142857
150,204.222222222,259.0,125.66,140.2125
200,149.666666667,191.0,91.0066666667,67.75
250,117.133333333,150.0,70.12,57.1363636364
300,95.4444444444,123.0,56.3222222222,50.428
350,79.8,103.266666667,46.4444444444,46.2222222222
400,68.0888888889,88.7333333333,39.0222222222,43.73
450,59.0666666667,77.3333333333,33.2622222222,37.275
500,51.8,68.2,28.6444444444,32.1275