average_pcket_delay_Long_Flow Bursty = 5 Medium = 1 Hogging = 5 SupBurst = 1

Bandwidth,BurstySource,MediumConsistentSource,HoggingSource,SuperBursty
50,55.4296296296,661.0,9.78430107527,12.6013888889
100,242.666666667,324.0,17.0368627451,23.2482142857
150,157.266666667,211.0,92.0622222222,103.2375
200,114.6,155.0,65.6533333333,48.9916666667
250,88.9733333333,121.4,49.8333333333,40.4090909091
300,71.8666666667,99.0,39.2644444444,35.05
350,59.6933333333,82.8666666667,31.7177777778,31.3666666667
400,50.4044444444,70.7333333333,26.1155555556,29.0375
450,42.9022222222,61.3333333333,21.88,24.2625
500,36.4977777778,54.0,18.6444444444,20.6625