average_pcket_delay_Short_Flow Bursty = 1 Medium = 1 Hogging = 1 SupBurst = 1

Bandwidth,BurstySource,MediumConsistentSource,HoggingSource,SuperBursty
50,2.40740740741,1.0,5.51612903226,3.22222222222
100,1.66666666667,1.0,9.23529411765,5.28571428571
150,1.35555555556,1.0,17.8222222222,50.3375
200,1.02222222222,1.0,7.57777777778,23.0
250,1.33333333333,1.0,1.16666666667,18.1818181818
300,1.0,1.0,1.16666666667,11.34
350,1.0,1.0,1.0,5.76666666667
400,1.0,1.0,1.05555555556,2.0
450,1.0,1.0,1.0,1.5
500,1.0,1.0,1.0,1.375