average_pcket_delay_Long_Flow Bursty = 1 Medium = 5 Hogging = 5 SupBurst = 1

Bandwidth,BurstySource,MediumConsistentSource,HoggingSource,SuperBursty
50,46.6296296296,547.6,8.50795698925,10.9486111111
100,203.0,267.2,14.7074509804,20.0607142857
150,130.777777778,173.6,78.8511111111,88.3625
200,94.6666666667,126.8,55.7711111111,41.55
250,73.1333333333,98.72,41.92,33.9181818182
300,58.5555555556,80.2,32.6422222222,29.1
350,48.6666666667,66.6533333333,26.0555555556,25.6111111111
400,40.5777777778,56.6533333333,21.1155555556,23.375
450,33.7777777778,48.8666666667,17.3288888889,19.125
500,27.9333333333,42.64,14.3311111111,15.7625