average_pcket_delay_Round_Robin Bursty = 1 Medium = 5 Hogging = 5 SupBurst = 1

Bandwidth,BurstySource,MediumConsistentSource,HoggingSource,SuperBursty
50,1.0,69.0,10.6774193548,22.1111111111
100,9.0,21.0,19.1699346405,38.1428571429
150,9.0,6.0,105.871111111,162.0
200,9.0,1.4,73.0733333333,87.1666666667
250,9.0,1.2,53.64,78.7
300,9.0,1.0,44.8333333333,55.94
350,9.0,1.0,38.8977777778,35.9444444444
400,1.66666666667,1.0,31.8844444444,36.8625
450,1.66666666667,1.0,25.5911111111,35.5875
500,1.66666666667,1.0,20.8288888889,33.025