average_pcket_delay_Short_Flow Bursty = 5 Medium = 5 Hogging = 1 SupBurst = 1

Bandwidth,BurstySource,MediumConsistentSource,HoggingSource,SuperBursty
50,19.3333333333,24.0,13.2580645161,12.1111111111
100,80.2488888889,5.25333333333,23.3529411765,22.4285714286
150,48.2,1.4,127.666666667,100.3375
200,31.6,1.2,92.2555555556,48.0
250,21.6666666667,1.0,71.0,40.0
300,15.0,1.0,56.8333333333,34.94
350,10.4266666667,1.0,46.1111111111,31.7555555556
400,6.83555555556,1.0,38.6,29.625
450,4.04,1.0,32.7555555556,24.8875
500,1.8,1.0,28.0777777778,21.1