average_pcket_delay_Long_Flow Bursty = 5 Medium = 5 Hogging = 1 SupBurst = 1

Bandwidth,BurstySource,MediumConsistentSource,HoggingSource,SuperBursty
50,26.4,363.8,4.16129032258,5.4375
100,112.0,175.2,6.83660130719,9.47321428571
150,69.7422222222,112.2,35.0555555556,40.0625
200,48.0977777778,80.8,24.2111111111,18.35
250,35.0133333333,61.96,17.8333333333,14.6363636364
300,26.3333333333,49.4,13.5444444444,12.1
350,20.1777777778,40.4,10.3888888889,10.2666666667
400,15.4977777778,33.6533333333,8.05555555556,9.0125
450,11.8666666667,28.4,6.25555555556,7.0
500,9.21777777778,23.2,4.96666666667,5.425