average_pcket_delay_FIFO Bursty = 5 Medium = 5 Hogging = 1 SupBurst = 5

Bandwidth,BurstySource,MediumConsistentSource,HoggingSource,SuperBursty
50,73.4459259259,511.0,14.2247311828,6.92592592593
100,323.755555556,248.746666667,25.1176470588,12.4285714286
150,211.337777778,161.333333333,137.655555556,53.6675
200,155.124444444,117.626666667,99.7666666667,24.6666666667
250,121.4,91.4,77.0,19.6363636364
300,98.9155555556,73.92,61.8333333333,16.268
350,82.8577777778,61.4266666667,51.0333333333,13.8422222222
400,70.8133333333,52.0666666667,42.9111111111,12.0
450,61.4444444444,44.7866666667,36.5777777778,9.225
500,53.9511111111,38.9466666667,31.5333333333,7.0