average_pcket_delay_FIFO Bursty = 5 Medium = 5 Hogging = 1 SupBurst = 1

Bandwidth,BurstySource,MediumConsistentSource,HoggingSource,SuperBursty
50,37.8903703704,191.0,3.90215053763,1.0
100,163.755555556,88.7466666667,6.29411764706,1.0
150,104.675555556,54.6666666667,29.6111111111,1.875
200,75.1244444444,37.6266666667,15.7666666667,1.0
250,57.4,27.4,6.97777777778,1.29090909091
300,45.5822222222,17.32,4.14444444444,1.32
350,37.1422222222,8.77333333333,3.26666666667,1.35555555556
400,30.4044444444,3.16,3.0,1.4
450,24.0977777778,2.01333333333,2.65555555556,1.4
500,18.88,1.65333333333,2.37777777778,1.4