average_pcket_delay_Long_Flow Bursty = 5 Medium = 1 Hogging = 1 SupBurst = 5

Bandwidth,BurstySource,MediumConsistentSource,HoggingSource,SuperBursty
50,50.9407407407,621.0,8.52903225806,11.1559259259
100,222.466666667,304.0,14.8039215686,20.5660714286
150,143.822222222,198.0,79.7555555556,91.5225
200,104.533333333,145.0,56.7777777778,43.5133333333
250,80.8933333333,113.4,43.0666666667,36.0218181818
300,65.0222222222,92.0,33.8111111111,31.312
350,53.5288888889,77.1333333333,27.4333333333,28.2111111111
400,44.6088888889,65.7333333333,22.7444444444,26.3425
450,37.4622222222,57.0,19.1333333333,22.25
500,31.88,50.0,16.2555555556,18.8975