average_pcket_delay_Long_Flow Bursty = 1 Medium = 5 Hogging = 1 SupBurst = 1

Bandwidth,BurstySource,MediumConsistentSource,HoggingSource,SuperBursty
50,16.4074074074,216.8,2.71505376344,3.54166666667
100,67.0,101.8,4.18954248366,5.80357142857
150,38.9333333333,63.2666666667,19.7222222222,22.8125
200,23.8888888889,44.2,12.1444444444,9.25
250,14.7333333333,32.56,7.67777777778,6.30909090909
300,9.08888888889,23.92,4.86666666667,4.48
350,6.31111111111,15.7866666667,3.48888888889,3.4
400,4.0,9.66666666667,2.41111111111,2.6875
450,2.4,4.85333333333,1.58888888889,1.725
500,1.55555555556,1.93333333333,1.05555555556,1.1875