average_pcket_delay_Short_Flow Bursty = 1 Medium = 1 Hogging = 1 SupBurst = 5

Bandwidth,BurstySource,MediumConsistentSource,HoggingSource,SuperBursty
50,2.40740740741,1.0,15.8387096774,9.14814814815
100,1.66666666667,1.0,28.0588235294,16.7142857143
150,1.35555555556,1.0,17.8222222222,103.6675
200,1.02222222222,1.0,7.57777777778,49.6666666667
250,1.33333333333,1.0,1.16666666667,41.4545454545
300,1.0,1.0,1.16666666667,35.548
350,1.0,1.0,1.0,31.5288888889
400,1.0,1.0,1.05555555556,28.705
450,1.0,1.0,1.0,23.465
500,1.0,1.0,1.0,19.2625