average_pcket_delay_Short_Flow Bursty = 5 Medium = 1 Hogging = 5 SupBurst = 1

Bandwidth,BurstySource,MediumConsistentSource,HoggingSource,SuperBursty
50,12.6148148148,1.0,17.1290322581,9.88888888889
100,50.0666666667,1.0,30.3699346405,18.2142857143
150,28.9111111111,1.0,167.193333333,81.0
200,18.0666666667,1.0,121.895555556,38.3333333333
250,11.7733333333,1.0,94.5733333333,31.7090909091
300,7.57777777778,1.0,76.3622222222,27.46
350,4.57777777778,1.0,63.3488888889,24.6444444444
400,2.2,1.0,53.6822222222,22.625
450,1.52444444444,1.0,45.9155555556,16.75
500,1.43111111111,1.0,37.2377777778,24.6375