average_pcket_delay_FIFO Bursty = 1 Medium = 5 Hogging = 1 SupBurst = 5

Bandwidth,BurstySource,MediumConsistentSource,HoggingSource,SuperBursty
50,63.4518518519,511.0,14.0311827957,6.92592592593
100,278.777777778,248.746666667,24.7647058824,12.4285714286
150,181.355555556,161.333333333,135.655555556,53.6675
200,132.622222222,117.626666667,98.2666666667,24.6666666667
250,103.4,91.4,75.8,19.6363636364
300,83.9111111111,73.92,60.8333333333,16.268
350,70.0,61.4266666667,50.1666666667,13.8422222222
400,59.5555555556,52.0666666667,42.1444444444,12.0
450,51.4444444444,44.7866666667,35.9111111111,9.225
500,44.9555555556,38.9466666667,30.9333333333,7.0