average_pcket_delay_Round_Robin Bursty = 1 Medium = 1 Hogging = 1 SupBurst = 1

Bandwidth,BurstySource,MediumConsistentSource,HoggingSource,SuperBursty
50,1.0,39.0,2.93548387097,6.55555555556
100,9.0,1.0,5.27450980392,10.1071428571
150,9.0,1.0,25.3777777778,37.5375
200,1.66666666667,1.0,20.8666666667,12.7916666667
250,1.33333333333,1.0,12.3333333333,9.04545454545
300,1.33333333333,1.0,4.0,8.64
350,1.33333333333,1.0,3.85555555556,2.74444444444
400,1.0,1.0,1.16666666667,1.875
450,1.0,1.0,1.0,1.5
500,1.0,1.0,1.0,1.375