average_pcket_delay_Short_Flow Bursty = 1 Medium = 5 Hogging = 5 SupBurst = 1

Bandwidth,BurstySource,MediumConsistentSource,HoggingSource,SuperBursty
50,9.33333333333,24.0,13.2580645161,5.44444444444
100,35.2444444444,5.25333333333,23.3529411765,9.57142857143
150,15.0,1.4,127.666666667,40.3375
200,2.0,1.2,92.2511111111,18.0
250,2.0,1.0,63.8333333333,40.0
300,1.68888888889,1.0,52.8977777778,22.94
350,1.37777777778,1.0,40.5244444444,31.6222222222
400,1.06666666667,1.0,33.2088888889,29.75
450,1.35555555556,1.0,27.4644444444,25.225
500,1.06666666667,1.0,22.92,21.6