average_pcket_delay_Long_Flow Bursty = 1 Medium = 1 Hogging = 1 SupBurst = 5

Bandwidth,BurstySource,MediumConsistentSource,HoggingSource,SuperBursty
50,40.8518518519,476.0,7.26702508961,9.26111111111
100,177.0,231.0,12.4941176471,16.9167857143
150,113.555555556,149.666666667,66.8333333333,74.4425
200,81.6666666667,109.0,47.0666666667,34.995
250,62.7333333333,84.4,35.2,28.5872727273
300,49.2222222222,68.0,27.3777777778,24.48
350,40.5777777778,56.4,21.8333333333,21.5577777778
400,32.7111111111,48.0,17.5666666667,19.66
450,26.5111111111,40.8666666667,14.4111111111,16.0825
500,21.6666666667,35.4,11.8222222222,13.2125