average_pcket_delay_FIFO Bursty = 5 Medium = 1 Hogging = 5 SupBurst = 5

Bandwidth,BurstySource,MediumConsistentSource,HoggingSource,SuperBursty
50,106.779259259,841.0,19.7610752688,6.92592592593
100,473.755555556,413.733333333,35.2117647059,12.4285714286
150,311.337777778,271.333333333,194.864444444,53.6675
200,230.124444444,200.133333333,142.653333333,24.6666666667
250,181.4,157.4,111.32,19.6363636364
300,148.915555556,128.933333333,90.4333333333,16.268
350,125.715555556,108.6,75.5133333333,13.8422222222
400,108.311111111,93.3333333333,64.3288888889,12.0
450,94.7777777778,81.4666666667,55.6244444444,9.225
500,83.9511111111,71.9333333333,48.6666666667,7.0