average_pcket_delay_Short_Flow Bursty = 1 Medium = 1 Hogging = 5 SupBurst = 5

Bandwidth,BurstySource,MediumConsistentSource,HoggingSource,SuperBursty
50,2.40740740741,1.0,21.6451612903,9.14814814815
100,2.33333333333,1.0,38.5869281046,16.7857142857
150,1.37777777778,1.0,160.362222222,133.6675
200,1.06666666667,1.0,135.866666667,50.0
250,1.04444444444,1.0,105.151111111,42.0363636364
300,1.04444444444,1.0,71.6377777778,48.8
350,1.04444444444,1.0,47.6977777778,56.2533333333
400,1.04444444444,1.0,49.7444444444,42.5
450,1.33333333333,1.0,33.8644444444,45.955
500,1.04444444444,1.0,28.7844444444,40.2