average_pcket_delay_Short_Flow Bursty = 5 Medium = 1 Hogging = 1 SupBurst = 1

Bandwidth,BurstySource,MediumConsistentSource,HoggingSource,SuperBursty
50,12.6148148148,1.0,11.3225806452,9.88888888889
100,50.0666666667,1.0,19.614379085,18.2142857143
150,28.5555555556,1.0,106.488888889,80.6625
200,17.8,1.0,76.3666666667,38.1666666667
250,11.3466666667,1.0,58.2888888889,31.4181818182
300,7.04444444444,1.0,46.2444444444,27.07
350,3.97333333333,1.0,37.6444444444,24.1222222222
400,1.8,1.0,30.7444444444,22.25
450,1.47555555556,1.0,13.3777777778,28.1125
500,1.40888888889,1.0,6.81111111111,24.0