average_pcket_delay_Short_Flow Bursty = 1 Medium = 5 Hogging = 5 SupBurst = 5

Bandwidth,BurstySource,MediumConsistentSource,HoggingSource,SuperBursty
50,9.33333333333,24.0,23.5806451613,11.3703703704
100,35.2444444444,5.25333333333,42.1764705882,21.0
150,15.0,1.4,234.333333333,93.6675
200,2.0,1.2,172.251111111,44.6666666667
250,2.0,1.0,102.233333333,63.2727272727
300,1.68888888889,1.0,95.5644444444,44.268
350,1.37777777778,1.0,67.9555555556,51.9355555556
400,1.06666666667,1.0,57.0311111111,49.75
450,1.35555555556,1.0,48.4822222222,43.0
500,1.06666666667,1.0,41.6933333333,37.6