average_pcket_delay_Long_Flow Bursty = 1 Medium = 5 Hogging = 1 SupBurst = 5

Bandwidth,BurstySource,MediumConsistentSource,HoggingSource,SuperBursty
50,42.0740740741,507.0,7.26021505376,9.50453703704
100,182.666666667,246.8,12.4901960784,17.3785714286
150,117.333333333,159.8,66.6444444444,76.685
200,84.5111111111,116.6,46.9444444444,36.1
250,64.9333333333,90.6,35.2,29.5363636364
300,52.0,73.2,27.2111111111,25.3
350,42.0444444444,60.8533333333,21.6888888889,22.4244444444
400,34.1555555556,51.5466666667,17.5333333333,20.49
450,27.8444444444,44.2666666667,14.3444444444,16.8225
500,22.9111111111,38.56,11.7888888889,13.8525