average_pcket_delay_Round_Robin Bursty = 1 Medium = 1 Hogging = 1 SupBurst = 5

Bandwidth,BurstySource,MediumConsistentSource,HoggingSource,SuperBursty
50,1.0,39.0,2.93548387097,12.4814814815
100,9.0,1.0,5.27450980392,22.8214285714
150,9.0,1.0,31.0,99.8425
200,9.0,1.0,31.0,45.555
250,9.0,1.0,30.7222222222,35.9909090909
300,9.0,1.0,30.7222222222,29.508
350,9.0,1.0,25.3777777778,25.8533333333
400,1.66666666667,1.0,21.0,24.1425
450,1.33333333333,1.0,14.2111111111,20.455
500,1.33333333333,1.0,8.5,17.5375