average_pcket_delay_Long_Flow Bursty = 5 Medium = 5 Hogging = 5 SupBurst = 1

Bandwidth,BurstySource,MediumConsistentSource,HoggingSource,SuperBursty
50,56.3555555556,692.2,9.97784946237,12.8861111111
100,246.866666667,339.4,17.3898039216,23.7839285714
150,160.066666667,221.733333333,94.0288888889,105.8625
200,116.702222222,163.0,67.1533333333,50.175
250,90.64,127.64,51.0333333333,41.5272727273
300,73.0977777778,104.133333333,40.3422222222,36.08
350,60.72,87.32,32.6555555556,32.3555555556
400,51.4755555556,74.6,26.8711111111,29.975
450,43.7288888889,64.9066666667,22.5822222222,25.175
500,37.2711111111,57.08,19.2777777778,21.4125