average_pcket_delay_Round_Robin Bursty = 5 Medium = 1 Hogging = 1 SupBurst = 1

Bandwidth,BurstySource,MediumConsistentSource,HoggingSource,SuperBursty
50,11.0,219.0,8.74193548387,13.2222222222
100,45.0,84.0,16.0,22.9642857143
150,27.0,39.0,81.0,106.5875
200,17.0,39.0,65.8666666667,42.7916666667
250,9.0,35.2666666667,48.4333333333,39.6090909091
300,9.0,1.0,31.5,35.94
350,9.0,1.0,22.5666666667,26.6333333333
400,6.89333333333,1.0,20.4888888889,19.4625
450,3.94222222222,1.0,17.1555555556,16.925
500,1.53333333333,1.0,14.9444444444,14.5