average_pcket_delay_FIFO Bursty = 1 Medium = 1 Hogging = 1 SupBurst = 1

Bandwidth,BurstySource,MediumConsistentSource,HoggingSource,SuperBursty
50,21.2296296296,161.0,3.64408602151,1.0
100,88.7777777778,73.7333333333,5.82352941176,1.0
150,54.7111111111,44.6666666667,26.9444444444,1.875
200,37.6222222222,30.1333333333,13.7666666667,1.0
250,27.4,21.4,5.37777777778,1.29090909091
300,18.5333333333,5.4,2.81111111111,1.32
350,7.26666666667,3.0,2.06666666667,1.26666666667
400,3.0,1.6,1.67777777778,1.0
450,1.33333333333,1.33333333333,1.22222222222,1.0
500,1.33333333333,1.33333333333,1.11111111111,1.0