average_pcket_delay_Short_Flow Bursty = 5 Medium = 1 Hogging = 5 SupBurst = 5

Bandwidth,BurstySource,MediumConsistentSource,HoggingSource,SuperBursty
50,12.6148148148,1.0,27.4516129032,15.8148148148
100,50.0666666667,1.0,49.1516339869,29.6428571429
150,28.9111111111,1.0,273.386666667,134.3325
200,18.0666666667,1.0,201.54,65.0
250,11.7733333333,1.0,158.146666667,54.9818181818
300,7.57777777778,1.0,129.22,48.8
350,4.57777777778,1.0,108.557777778,44.9533333333
400,2.2,1.0,93.2377777778,42.625
450,1.52444444444,1.0,80.76,36.415
500,1.43111111111,1.0,62.1266666667,40.9275