average_pcket_delay_Round_Robin Bursty = 5 Medium = 5 Hogging = 1 SupBurst = 1

Bandwidth,BurstySource,MediumConsistentSource,HoggingSource,SuperBursty
50,11.0,249.0,10.6774193548,15.4444444444
100,45.0,111.0,21.2614379085,25.2857142857
150,27.0,66.0,105.377777778,124.475
200,17.7511111111,45.0,78.1555555556,57.1666666667
250,9.0,39.0,61.0,48.1818181818
300,9.0,19.5066666667,50.7,40.08
350,9.0,6.0,37.5666666667,39.7
400,8.59111111111,1.4,28.4555555556,35.725
450,6.70222222222,1.2,25.2888888889,25.6125
500,3.93333333333,1.0,22.1111111111,21.8125