average_pcket_delay_Long_Flow Bursty = 5 Medium = 5 Hogging = 1 SupBurst = 5

Bandwidth,BurstySource,MediumConsistentSource,HoggingSource,SuperBursty
50,52.0,652.6,8.73369175627,11.3822222222
100,227.266666667,319.6,15.1607843137,21.0042857143
150,147.0,208.533333333,81.8111111111,93.5725
200,106.906666667,153.0,58.3111111111,44.5433333333
250,82.6133333333,119.72,44.4333333333,36.9709090909
300,66.6044444444,97.5333333333,34.9777777778,32.1
350,54.8933333333,81.64,28.4,28.9755555556
400,45.8533333333,69.6,23.5555555556,27.1
450,38.4888888889,60.52,19.8777777778,22.9375
500,32.8311111111,53.12,16.8888888889,19.51