average_pcket_delay_Long_Flow Bursty = 1 Medium = 1 Hogging = 1 SupBurst = 1

Bandwidth,BurstySource,MediumConsistentSource,HoggingSource,SuperBursty
50,15.037037037,186.0,2.58064516129,3.36111111111
100,61.0,86.0,3.95424836601,5.45535714286
150,34.4222222222,53.0,18.5777777778,21.1375
200,20.6222222222,36.0,11.2777777778,8.5
250,12.0444444444,26.4,6.88888888889,5.65454545455
300,6.55555555556,17.3333333333,4.12222222222,3.73
350,3.31111111111,7.6,2.27777777778,2.23333333333
400,1.22222222222,1.66666666667,1.33333333333,1.4375
450,1.11111111111,1.33333333333,1.16666666667,1.1875
500,1.11111111111,1.33333333333,1.05555555556,1.1875