average_pcket_delay_Round_Robin Bursty = 1 Medium = 5 Hogging = 1 SupBurst = 1

Bandwidth,BurstySource,MediumConsistentSource,HoggingSource,SuperBursty
50,1.0,69.0,4.87096774194,8.77777777778
100,9.0,21.0,10.6732026144,12.4285714286
150,9.0,6.0,45.3777777778,64.475
200,7.75555555556,1.4,31.9888888889,27.1666666667
250,1.66666666667,1.2,24.0,19.6818181818
300,1.66666666667,1.0,17.7444444444,13.42
350,1.66666666667,1.0,7.42222222222,14.1111111111
400,1.66666666667,1.0,7.35555555556,6.5625
450,1.33333333333,1.0,3.96666666667,3.2625
500,1.33333333333,1.0,1.16666666667,2.0625