Flow, Bandwidth, Delay time
1,BurstySource,
,50,9.0
,100,1.33333333333
,150,1.0
,200,1.0
,300,1.0
,400,1.0
,500,1.0
,750,1.0
,1000,1.0
,1500,1.0
,2000,1.0
2,MediumConsistentSource,
,50,1.0
,100,1.0
,150,1.0
,200,1.0
,300,1.0
,400,1.0
,500,1.0
,750,1.0
,1000,1.0
,1500,1.0
,2000,1.0
3,HoggingSource,
,50,31.0
,100,8.5
,150,1.0
,200,1.0
,300,1.0
,400,1.0
,500,1.0
,750,1.0
,1000,1.0
,1500,1.0
,2000,1.0
4,SuperBursty,
,50,27.0
,100,7.0
,150,1.875
,200,1.5
,300,1.25
,400,1.0
,500,1.0
,750,1.0
,1000,1.0
,1500,1.0
,2000,1.0
